WF1V: 0.0
WF2V: 0.0
WF3V: 0.0
WF4V: 0.0
WF5V: 0.0
WF6V: 0.0
WF7V: 0.0
WF8V: 0.0
WF9V: 0.0
WF10V: 0.0
WF11V: 0.0
WF12V: 0.0
WF13V: 0.0
WF14V: 0.0
WF15V: 0.0
WF16V: 0.0
WF17V: 0.0
WF18V: 0.0
WF19V: 0.0
WF20V: 0.0
WF21V: 0.0
WF22V: 0.0
WF23V: 0.0
WF24V: 0.0
WF25V: 0.0
WF1H: 0.0
WF2H: 0.0
WF3H: 0.0
WF4H: 0.0
WF5H: 0.0
WF6H: 0.0
WF7H: 0.0
WF8H: 0.0
WF9H: 0.0
WF10H: 0.0
WF11H: 0.0
WF12H: 0.0
WF13H: 0.0
WF14H: 0.0
WF15H: 0.0
WF16H: 0.0
WF17H: 0.0
WF18H: 0.0
WF19H: 0.0
WF20H: 0.0
WF21H: 0.0
WF22H: 0.0
WF23H: 0.0
WF24H: 0.0
WF25H: 0.0
DP1: 0.5119998455047607
DP2: -0.04761597514152527
DP3: -0.039000004529953
DP4: 0.0
DP5: 0.0
DP6: 0.0
DP7: 0.0
DP8: 0.0
Sol1: 0.0
Sol2: 0.0
Sol3: 0.0
Sol4: 0.0
Sol5: 0.0
Sol6: 0.0
Sol7: 0.0
Sol8: 0.0
Sol9: 0.0
WF1V_Read: 0.063172347843647
WF1H_Read: 0.3993285894393921
WF2V_Read: 0.0
WF2H_Read: 0.0
WF3V_Read: 0.0
WF3H_Read: 0.40817883610725403
WF4V_Read: 0.0
WF4H_Read: 0.40634775161743164
WF5V_Read: 0.0
WF5H_Read: 0.0
WF6V_Read: 0.0
WF6H_Read: 0.30869001150131226
WF7V_Read: 0.0
WF7H_Read: 0.0004577706567943096
WF8V_Read: 0.0
WF8H_Read: 0.0004577706567943096
WF9V_Read: 0.00015259021893143654
WF9H_Read: 0.0
WF10V_Read: 0.03967345878481865
WF10H_Read: 0.0006103608757257462
WF11V_Read: 0.0003051804378628731
WF11H_Read: 0.00015259021893143654
WF12V_Read: 0.0
WF12H_Read: 0.00015259021893143654
WF13V_Read: 0.0003051804378628731
WF13H_Read: 0.0004577706567943096
WF14V_Read: 0.0007629510946571827
WF14H_Read: 0.0004577706567943096
WF15V_Read: 0.002288853283971548
WF15H_Read: 0.0021362630650401115
WF16V_Read: 0.00961318425834179
WF16H_Read: 0.3530937731266022
WF17V_Read: 0.11841001361608505
WF17H_Read: 1.2114137411117554
WF18V_Read: 0.0007629510946571827
WF18H_Read: 0.004272526130080223
WF19V_Read: 0.0
WF19H_Read: 0.0
WF20V_Read: 0.0
WF20H_Read: 0.002594033721834421
WF21V_Read: 0.0
WF21H_Read: 0.0
DP1_Read: 0.0
DP2_Read: 0.048676278442144394
DP3_Read: 0.0
DP4_Read: 0.0
DP5_Read: 0.0
DP6_Read: 0.0
DP7_Read: 0.0
DP8_Read: 0.0
Sol1_Read: 1.988250494003296
Sol2_Read: 2.4042115211486816
Sol3_Read: 1.5194933414459229
Sol4_Read: 0.07150377333164215
Sol5_Read: 0.13176165521144867
Sol6_Read: 0.005355916917324066
Sol7_Read: 0.0037689784076064825
Sol8_Read: 0.006744487676769495
Sol9_Read: 0.0
IR_Temp: 1695.2073974609375
VA_Temp: 1588.049072265625
Heater_Amps_Set: 2.3129220008850098
Temperature_Set: 1700.0
Emission_Set: 0.0
Voltage_Read: 2.6444833278656006
Current_Read: 1.9162887334823608
Impedance_Read: 1.380002737045288
Power_Read: 5.068543434143066
Emitted_Current: -4.951608300209045
DBA_Bypass: 0.00015259021893143654
Recirculator_Halfway: 0.0004577706567943096
Recirculator_Bypass: 0.00015259021893143654
RF_Beam_Mon: -44.590538024902344
Pulse_Frequency: 0.0
Pulse_Duty: 0.0
Pulse_Delay: 0.0
CU_Pf: 2120.84912109375
CU_Pr: 551.8966674804688
CU_Pt: 5.298194408416748
CU_V: 114.74860382080078
BH_Pf: 100.09152221679688
BH_Pr: 2.720968723297119
BH_Pt: 0.9524415135383606
SRF_Pf: 39.5880012512207
SRF_Pr: 37.916900634765625
SRF_Pt: -40.0
HV_Bias: 4.045167922973633
HV_Off_Setpoint: 0.0
HV_On_Setpoint: 0.0
Trek_V: 0.0
Trek_I: 0.0
V0_SP: 4.043514251708984
Gun_Vac: 4.3426891238596e-07
Gun_Cross: 7.987019756683367e-08
SRF_Cavity_Vac: 3.182996977102448e-08
HE_Sraight_Vac: 0.0
Insulating_Vac: 0.530478835105896
E_Station_Vac: 5.596694219178744e-10
BH_OC_Temp: 44.01948547363281
DBA_Pipe_Temp: 19.86386489868164
Cu_Gun_Temp: 41.99010467529297
HE_Straight_Col: 0.0
DBA_Dump_CHWR: 19.87408447265625
DBA_Dump_CHWS: 19.18648338317871
Tuner_Plate_Temp: 27.235797882080078
Gate_Valve_Downstream_Temp: 25.863666534423828
Gate_Valve_Upstream_Temp: 26.58382797241211
Loop_Bypass_CHWS: 0.0
Loop_Bypass_CHWR: 0.0
DBA_Coupler: 0.0
Coupler_Shoulder: 26.588489532470703
Solenoid_4_Temp: 21.851259231567383
Solenoid_5_Temp: 21.36941146850586
Regulation_Float: 0.0
Pulsing_Output: 0.0
Error_Signal_Regulation: 0.0
Oscope_Reset: 0.0
Regulation_Setpoint_Reset: 0.0
